
Estadísticas Descriptivas
==================================================================================
Statistic               N        Mean        St. Dev.        Min          Max     
----------------------------------------------------------------------------------
Price                 38,644 654,534,675.0 311,417,887.0 300,000,000 1,650,000,000
Month                 48,930      5.7           3.3           1           12      
Year                  48,930    2,020.3         0.8         2,019        2,021    
Surface Total         9,718      160.5        1,129.9        15         108,800   
Surface Covered       11,392     130.5         72.4           2          1,336    
Rooms                 48,930      2.9           1.0           1           11      
Bedrooms              48,930      3.0           1.5           0           11      
Bathrooms             48,930      2.9           0.9           1           13      
Latitude              48,930      4.7          0.04          4.6          4.8     
Longitude             48,930     -74.1         0.03         -74.2        -74.0    
Parqueadero           48,930      0.7           0.5           0            1      
Terraza               48,930      0.5           0.5           0            1      
Piscina               48,930      0.1           0.3           0            1      
Conjunto              48,930      0.2           0.4           0            1      
Apartaestudio         48,930     0.02           0.2           0            1      
Número Piso           48,930      1.8           2.1           1           20      
Cantidad Baños        48,930      1.0           0.1           1            7      
Cantidad Cuartos      48,930      3.0           0.5           1           11      
Metros                48,930     106.6         31.2           1           300     
Duplex                48,930      0.1           0.3           0            1      
Vista                 48,930      0.3           0.4           0            1      
Penthouse             48,930     0.01           0.1           0            1      
Casa                  48,930      0.2           0.4           0            1      
Distancia Parque      48,930     160.6         99.8          1.0        3,344.6   
Distancia Estadio     48,930    3,686.9       1,677.4        9.2        7,211.3   
Distancia Banco       48,930     623.6         474.5         2.4        4,724.6   
Distancia Bus         48,930     918.6         648.7         3.6        6,296.8   
Distancia College     48,930    2,128.5       1,116.8        4.6        5,762.1   
Distancia Hospital    48,930     911.0         510.3         9.7        3,565.8   
Distancia Policía     48,930     925.4         505.9         2.4        2,957.1   
Distancia Universidad 48,930     961.2         558.1         1.3        4,338.0   
Distancia Pub         48,930    1,518.2        989.7        13.7        7,226.4   
Distancia Veterinaria 48,930    1,293.7        769.2        11.4        6,974.3   
Distancia Mall        48,930     684.8         379.3         0.6        4,706.6   
Distancia Reserva     48,930    4,232.4       2,121.3       404.6      11,817.0   
----------------------------------------------------------------------------------
